0.481533993724 0.470035340908 0.442803073317 0.383793283072 0.280066383668 0.157495047578 0.069258267139 0.026718722524 0.010190751169 0.003967563140 0.001564563984
0.484366377396 0.472714476334 0.445127863017 0.385403426119 0.280676176880 0.157515771576 0.069233076366 0.026713251616 0.010190032471 0.003967468051 0.001564550189
0.486854038124 0.475176061884 0.447479691984 0.387333213416 0.281576080748 0.157530057824 0.069169936537 0.026699533860 0.010188228726 0.003967229257 0.001564515541
0.488589468743 0.477151927781 0.449863969527 0.389929943153 0.283089628691 0.157510337765 0.069012306417 0.026665248048 0.010183708037 0.003966629805 0.001564428525
0.489793066109 0.478872002524 0.452548960766 0.393554828565 0.285507516031 0.157332277938 0.068622065972 0.026580271223 0.010172418342 0.003965126468 0.001564210058
0.490131448968 0.479640207018 0.454159996417 0.396127667653 0.287164497926 0.156265207702 0.067669507235 0.026374114270 0.010144473631 0.003961365845 0.001563661981
0.482751449881 0.472107111543 0.446373535364 0.388252256557 0.280155706250 0.151166523143 0.065418307771 0.025899140861 0.010076748849 0.003952018269 0.001562289689
0.413776796551 0.404233532983 0.381485605666 0.331488176678 0.241587680310 0.134701905519 0.060664213557 0.024909834351 0.009920068520 0.003929143098 0.001558870824
0.260594649464 0.255427751153 0.243162365851 0.216322449503 0.167414378982 0.104257113370 0.052415736573 0.023106681267 0.009587585519 0.003875163925 0.001550460469
0.121654693739 0.120237594247 0.116814392002 0.108993639348 0.093219008212 0.068216339314 0.040650810762 0.020182889937 0.008960147221 0.003756907536 0.001530406283
0.050010577091 0.049752578354 0.049116188008 0.047587638064 0.044139000269 0.037347154831 0.026954411568 0.015909811525 0.007899330223 0.003525413298 0.001485740402
