5269.200000001638 2001.499999999275 786.300000000110 317.500000000004 132.999999999997 58.200000000001 25.500000000000 10.800000000000 4.500000000000 1.900000000000 0.800000000000
5595.600000002825 2099.999999999186 803.100000000114 319.700000000004 133.199999999997 58.100000000001 25.500000000000 10.800000000000 4.500000000000 1.900000000000 0.800000000000
5588.500000002799 2224.299999999072 841.400000000123 326.400000000006 133.799999999997 58.100000000001 25.400000000000 10.700000000000 4.500000000000 1.900000000000 0.800000000000
4677.199999999484 2207.099999999088 884.000000000132 339.000000000009 135.399999999997 58.000000000001 25.400000000000 10.700000000000 4.500000000000 1.900000000000 0.800000000000
3124.799999998253 1827.299999999434 860.500000000127 347.800000000011 137.199999999996 57.800000000001 25.200000000000 10.700000000000 4.400000000000 1.900000000000 0.800000000000
1669.199999999577 1198.600000000005 694.000000000089 325.600000000006 135.299999999997 57.000000000001 24.900000000000 10.600000000000 4.400000000000 1.900000000000 0.800000000000
738.400000000099 620.000000000072 441.300000000032 253.799999999990 121.899999999997 54.500000000001 24.200000000000 10.500000000000 4.400000000000 1.900000000000 0.800000000000
308.200000000002 284.299999999996 238.099999999991 169.399999999995 99.199999999999 49.998007158727 23.090182717313 10.185422948632 4.382212164098 1.878623708981 0.872248917670
133.610131232887 129.208461740751 119.204712459704 100.096794847352 71.678550013411 42.358741617430 21.238394476464 9.721271069256 4.210248542852 1.801063315718 0.785848185717
59.608337976699 58.706880889410 56.864295628133 52.515561864623 44.090931819016 31.514713066047 18.350995920888 9.125554940286 4.155516897921 1.812364359254 0.755790847765
24.828396951466 24.697928582159 24.354410557883 23.551725891004 21.755746232357 18.225449625432 12.962122124655 7.528098676782 3.712089662454 1.642768089577 0.721663707926
